 <pre>

 Contingency table for Cloud cover (octas)
 Selection: ALL    399 stations
Period: 20211209-20211219
Used {00,03,...,21} + 01 02 ... 09
 Limits   0.500000000       1.50000000       2.50000000       3.50000000       4.50000000       5.50000000       6.50000000       7.50000000    
 Each class is data <= limit, the very last > last limit
 Total number of values      166234
                                                       OBSERVATION
                                   5068      912      481      412      320      312      375      858     1213 |      9951
                                    812      196      119      140      128      155      218      522      808 |      3098
                                    367      100       95       86       65       97      134      364      591 |      1899
                                    252       75       68       70       56       88       98      279      573 |      1559
                      MNWC_Ref      252       61       58       65       49       66      102      279      594 |      1526
                                    244       84       71       53       53       68       96      348      652 |      1669
                                    277       95       66       89       67       92      152      441     1025 |      2304
                                    383      120      123      111      106      133      218      784     2010 |      3988
                                   2663      965      574      898      770     1338     2063    20670   110299 |    140240

                    SUM           10318     2608     1655     1924     1614     2349     3456    24545   117765 |    166234
                                                       OBSERVATION
                                   5190      925      495      442      350      353      414     1004     1482 |     10655
                                    830      213      130      159      128      170      227      546     1010 |      3413
                                    340      109       91       75       68      101      154      395      710 |      2043
                                    256       77       78       72       50       84      103      300      621 |      1641
                     MNWC_Exp0      248       68       57       55       48       61       95      301      674 |      1607
                                    222       70       68       52       59       60      113      384      774 |      1802
                                    277       97       64       84       63       86      136      459     1107 |      2373
                                    374      114      119      122       98      153      213      849     2225 |      4267
                                   2581      935      553      863      750     1281     2001    20307   109162 |    138433

                    SUM           10318     2608     1655     1924     1614     2349     3456    24545   117765 |    166234
                                                       OBSERVATION
                                   4962      891      468      393      297      320      327      899     1206 |      9763
                                    844      184      133      133      131      128      215      472      814 |      3054
                                    344      127       86       69       66       93      114      364      604 |      1867
                                    268       70       70       60       54       81      116      266      560 |      1545
                     MNWC_Exp1      246       65       62       64       50       59       89      287      582 |      1504
                                    227       70       61       77       51       63      106      373      744 |      1772
                                    295       92       62       87       73      101      128      442     1008 |      2288
                                    409      139      104      127      107      148      222      767     1949 |      3972
                                   2723      970      609      914      785     1356     2139    20675   110298 |    140469

                    SUM           10318     2608     1655     1924     1614     2349     3456    24545   117765 |    166234
                                                       OBSERVATION
                                   5064      911      479      409      319      313      373      855     1202 |      9925
                                    811      198      122      143      129      149      214      517      816 |      3099
                                    362       98       91       81       63      101      135      370      578 |      1879
                                    261       74       69       73       58       83       97      275      587 |      1577
                     MNWC_Exp2      246       59       60       62       46       70      104      276      585 |      1508
                                    245       85       71       53       52       66      102      345      656 |      1675
                                    275       99       65       92       65       96      148      445     1022 |      2307
                                    392      117      123      108      110      129      219      781     2009 |      3988
                                   2662      967      575      903      772     1342     2064    20681   110310 |    140276

                    SUM           10318     2608     1655     1924     1614     2349     3456    24545   117765 |    166234

