 <pre>

 Contingency table for Cloud base (m)
 Selection: ALL    658 stations
Period: 20211209-20211219
Used {00,03,...,21} + 01 02 ... 09
 Limits    70.0000000       150.000000       300.000000       600.000000       1000.00000       1500.00000       2500.00000       5000.00000    
 Each class is data <= limit, the very last > last limit
 Total number of values      309769
                                                       OBSERVATION
                                  17492    13955     4641     1540      860      656      216      133     1280 |     40773
                                   6698    12657     6909     1841      880      441      160      173      447 |     30206
                                   5010    15886    19361     7035     1982      725      204      378      603 |     51184
                                   2443     6417    17595    21440     5803     1262      392      648     1354 |     57354
                      MNWC_Ref     1232     2220     4346     7100     7799     2700      421      451      925 |     27194
                                    545      982     2008     2711     3438     5033      758      267      580 |     16322
                                    205      444     1146     1427     1066     1300     1714      602      604 |      8508
                                    237      444      998     1147      734      552      924     2758      908 |      8702
                                   2306     2754     5312     7817     5248     3840     3941     7362    30946 |     69526

                    SUM           36168    55759    62316    52058    27810    16509     8730    12772    37647 |    309769
                                                       OBSERVATION
                                  16851    13311     4344     1477      874      661      245      135     1255 |     39153
                                   6557    12395     6578     1737      857      431      154      175      423 |     29307
                                   4989    15821    18827     6671     1879      681      183      367      586 |     50004
                                   2888     6906    18062    21287     5705     1191      367      630     1298 |     58334
                     MNWC_Exp0     1298     2305     4458     7157     7741     2618      400      452      897 |     27326
                                    520     1012     2072     2729     3412     5000      714      239      570 |     16268
                                    224      441     1145     1407     1091     1268     1616      554      566 |      8312
                                    241      481     1021     1149      726      534      909     2600      858 |      8519
                                   2600     3087     5809     8444     5525     4125     4142     7620    31194 |     72546

                    SUM           36168    55759    62316    52058    27810    16509     8730    12772    37647 |    309769
                                                       OBSERVATION
                                  18569    15336     5564     1806      913      546      215      119     1308 |     44376
                                   6195    13210     7415     1970      918      435      134      170      413 |     30860
                                   4307    14478    19084     7577     2060      760      156      386      586 |     49394
                                   2450     5993    16475    20719     5814     1479      408      671     1590 |     55599
                     MNWC_Exp1     1213     2077     4382     7068     7898     2587      464      449     1038 |     27176
                                    574     1051     2087     2730     3291     5024      807      280      617 |     16461
                                    221      521     1321     1661     1186     1326     1769      707      644 |      9356
                                    278      492     1036     1226      709      565      999     2909      982 |      9196
                                   2361     2601     4952     7301     5021     3787     3778     7081    30469 |     67351

                    SUM           36168    55759    62316    52058    27810    16509     8730    12772    37647 |    309769
                                                       OBSERVATION
                                  17499    13971     4648     1541      863      652      214      131     1277 |     40796
                                   6694    12685     6917     1836      877      443      160      176      448 |     30236
                                   5008    15865    19374     7047     1992      724      203      382      601 |     51196
                                   2439     6400    17561    21431     5801     1259      388      646     1361 |     57286
                     MNWC_Exp2     1232     2215     4354     7085     7814     2721      426      449      924 |     27220
                                    539      982     2023     2718     3428     5015      759      267      584 |     16315
                                    209      449     1134     1425     1061     1300     1699      610      599 |      8486
                                    239      445     1006     1145      732      557      933     2772      927 |      8756
                                   2309     2747     5299     7830     5242     3838     3948     7339    30926 |     69478

                    SUM           36168    55759    62316    52058    27810    16509     8730    12772    37647 |    309769

