 <pre>

 Contingency table for Low clouds (octas)
 Selection: ALL    627 stations
Period: 20211209-20211219
Used {00,03,...,21} + 01 02 ... 09
 Limits    1.00000000       2.00000000       3.00000000       4.00000000       5.00000000       6.00000000       7.00000000    
 Each class is data <= limit, the very last > last limit
 Total number of values      308185
                                              OBSERVATION
                                  44884     2076     1957     1523     1659     1695     4190     9299 |     67283
                                   1673      293      288      237      275      254      869     1754 |      5643
                                    999      215      236      190      213      202      606     1474 |      4135
                      MNWC_Ref      905      211      215      163      217      204      572     1468 |      3955
                                    795      211      197      151      202      248      681     1591 |      4076
                                    816      227      243      188      257      288      805     1934 |      4758
                                   1138      411      428      317      376      472     1371     3588 |      8101
                                   8138     4272     5124     4359     6181     7435    35062   139663 |    210234

                    SUM           59348     7916     8688     7128     9380    10798    44156   160771 |    308185
                                              OBSERVATION
                                  45485     2192     2090     1606     1769     1821     4621    10518 |     70102
                                   1578      297      268      231      288      277      876     1883 |      5698
                                    943      234      230      203      226      201      656     1573 |      4266
                     MNWC_Exp0      861      201      222      154      199      217      605     1522 |      3981
                                    741      197      202      174      212      248      681     1670 |      4125
                                    793      233      257      174      231      289      819     2008 |      4804
                                   1083      405      421      334      400      473     1425     3631 |      8172
                                   7864     4157     4998     4252     6055     7272    34473   137966 |    207037

                    SUM           59348     7916     8688     7128     9380    10798    44156   160771 |    308185
                                              OBSERVATION
                                  43936     1997     1850     1422     1508     1556     3968     8468 |     64705
                                   1816      293      253      268      301      271      846     1727 |      5775
                                   1190      201      232      169      196      202      667     1497 |      4354
                     MNWC_Exp1      900      207      200      148      207      219      660     1463 |      4004
                                    869      192      248      164      209      252      702     1600 |      4236
                                    933      266      238      197      291      310      839     2044 |      5118
                                   1190      401      421      325      426      488     1395     3542 |      8188
                                   8514     4359     5246     4435     6242     7500    35079   140430 |    211805

                    SUM           59348     7916     8688     7128     9380    10798    44156   160771 |    308185
                                              OBSERVATION
                                  44836     2077     1956     1520     1650     1691     4180     9262 |     67172
                                   1685      280      282      228      273      255      868     1763 |      5634
                                    998      220      238      190      221      205      621     1479 |      4172
                     MNWC_Exp2      927      212      211      168      209      197      551     1458 |      3933
                                    776      208      204      155      208      254      689     1619 |      4113
                                    832      230      241      191      255      288      805     1892 |      4734
                                   1139      408      420      319      370      468     1387     3611 |      8122
                                   8155     4281     5136     4357     6194     7440    35055   139687 |    210305

                    SUM           59348     7916     8688     7128     9380    10798    44156   160771 |    308185

